0 0.3615 0.2835 0.1525 0.05
0 0.293 0.339 0.041 0.024
0 0.591 0.3355 0.067 0.022
0 0.142 0.3275 0.032 0.0235
0 0.1315 0.563 0.143 0.039
0 0.275 0.567 0.1315 0.044
0 0.574 0.6115 0.088 0.037
0 0.593 0.6495 0.1295 0.036
0 0.102 0.3735 0.0305 0.0125
0 0.14 0.377 0.0305 0.011
0 0.1775 0.378 0.015 0.0195
0 0.0795 0.3555 0.0125 0.0765
0 0.3195 0.3405 0.009 0.0225
0 0.3425 0.345 0.0325 0.018
0 0.3755 0.3445 0.0155 0.0155
0 0.4015 0.344 0.0305 0.0185
0 0.4415 0.3445 0.039 0.018
0 0.223 0.36 0.0145 0.0165
0 0.2495 0.3605 0.0325 0.0185
0 0.295 0.3635 0.0525 0.0155
0 0.34 0.362 0.0325 0.0195
0 0.403 0.3645 0.066 0.0185
0 0.466 0.365 0.051 0.015
0 0.223 0.382 0.008 0.017
0 0.253 0.381 0.047 0.017
0 0.2935 0.382 0.0305 0.014
0 0.315 0.383 0.0075 0.0135
0 0.34 0.3815 0.036 0.0145
0 0.376 0.3845 0.0145 0.0135
0 0.402 0.3845 0.0335 0.0115
0 0.4385 0.386 0.027 0.013
0 0.4715 0.385 0.031 0.0115
0 0.546 0.3545 0.0225 0.018
0 0.563 0.357 0.006 0.0155
0 0.5835 0.3575 0.0275 0.0145
0 0.623 0.3565 0.0465 0.0165
0 0.5485 0.3765 0.014 0.0165
0 0.5795 0.3765 0.0455 0.012
0 0.6255 0.377 0.0395 0.015
0 0.5755 0.3965 0.035 0.0195
0 0.611 0.395 0.029 0.0135
0 0.39 0.5705 0.0465 0.0355
0 0.481 0.569 0.1235 0.032
0 0.605 0.5665 0.1055 0.045
0 0.282 0.615 0.1615 0.0415
0 0.445 0.607 0.1525 0.0305