0 0.12 0.427 0.1275 0.0305
0 0.233 0.59 0.0885 0.0405
0 0.5705 0.6315 0.0985 0.0415
0 0.12 0.6345 0.14 0.0265
0 0.349 0.255 0.156 0.046
0 0.134 0.3095 0.0365 0.018
0 0.0955 0.3595 0.0295 0.0125
0 0.1325 0.358 0.026 0.0265
0 0.1695 0.36 0.0125 0.0165
0 0.07 0.34 0.01 0.085
0 0.2825 0.3235 0.0405 0.0195
0 0.3095 0.3245 0.009 0.0115
0 0.332 0.3245 0.0315 0.0135
0 0.368 0.3285 0.0115 0.015
0 0.3935 0.329 0.032 0.0145
0 0.4325 0.331 0.0385 0.015
0 0.2125 0.342 0.012 0.0135
0 0.2375 0.342 0.0315 0.015
0 0.2835 0.3435 0.052 0.015
0 0.3295 0.3445 0.03 0.015
0 0.394 0.349 0.0645 0.0165
0 0.4595 0.351 0.052 0.017
0 0.2105 0.3615 0.01 0.012
0 0.242 0.3625 0.0445 0.0135
0 0.284 0.362 0.03 0.0165
0 0.3065 0.3635 0.008 0.0165
0 0.3295 0.362 0.0335 0.014
0 0.3675 0.3675 0.011 0.015
0 0.394 0.3685 0.0335 0.014
0 0.4305 0.37 0.027 0.014
0 0.4635 0.369 0.0315 0.014
0 0.5835 0.3185 0.0625 0.017
0 0.5375 0.337 0.0235 0.017
0 0.5555 0.3385 0.0055 0.0135
0 0.5765 0.34 0.03 0.0135
0 0.6155 0.338 0.0465 0.015
0 0.539 0.3595 0.012 0.016
0 0.5715 0.359 0.045 0.0125
0 0.615 0.36 0.037 0.0135
0 0.567 0.3795 0.033 0.0165
0 0.6025 0.378 0.0325 0.0115
0 0.231 0.4265 0.087 0.034
0 0.295 0.4325 0.023 0.0195
0 0.3365 0.4335 0.0375 0.0245
0 0.389 0.437 0.052 0.027
0 0.471 0.4425 0.098 0.0315
0 0.5515 0.437 0.0495 0.03
0 0.595 0.4365 0.0315 0.031
0 0.2075 0.4715 0.0335 0.027
0 0.272 0.4725 0.0855 0.025
0 0.338 0.472 0.0315 0.029
0 0.416 0.4735 0.1045 0.031
0 0.4965 0.477 0.0425 0.0265
0 0.534 0.478 0.022 0.031
0 0.584 0.476 0.068 0.0245
0 0.224 0.5145 0.0645 0.019
0 0.2905 0.514 0.063 0.0205
0 0.426 0.518 0.1115 0.0255
0 0.4985 0.5155 0.0255 0.026
0 0.2225 0.551 0.063 0.0255
0 0.297 0.553 0.0625 0.025
0 0.391 0.556 0.052 0.0275
0 0.4675 0.553 0.094 0.027
0 0.2285 0.6315 0.066 0.028
0 0.281 0.6365 0.0175 0.0205
0 0.3185 0.636 0.0435 0.0205
0 0.3925 0.636 0.064 0.023
0 0.4725 0.637 0.085 0.0215
0 0.548 0.6325 0.054 0.0245
0 0.2175 0.674 0.054 0.022
0 0.256 0.669 0.014 0.0255
0 0.2925 0.676 0.057 0.0245
0 0.337 0.6705 0.023 0.023
0 0.391 0.6755 0.061 0.0295
0 0.4505 0.6765 0.053 0.0245
0 0.497 0.671 0.0305 0.0275
0 0.5575 0.673 0.0745 0.025
0 0.2145 0.7165 0.057 0.0205
0 0.2905 0.7125 0.086 0.0325
0 0.3775 0.7135 0.0395 0.028
0 0.427 0.718 0.05 0.0265
0 0.4955 0.7135 0.064 0.0235
0 0.2135 0.753 0.047 0.0275
0 0.273 0.7515 0.0595 0.027
0 0.3285 0.7525 0.0405 0.035
0 0.409 0.7565 0.1015 0.025
0 0.491 0.7555 0.0525 0.022
0 0.221 0.7945 0.066 0.023
0 0.29 0.793 0.051 0.0295
0 0.3365 0.789 0.026 0.031
0 0.1295 0.8295 0.095 0.0385
0 0.2445 0.829 0.1115 0.0365
0 0.1135 0.8715 0.055 0.035
0 0.1975 0.873 0.0985 0.0365
0 0.287 0.872 0.071 0.022