0 0.3635 0.255 0.147 0.043
0 0.583 0.267 0.1195 0.036
0 0.2925 0.3165 0.041 0.02
0 0.14 0.301 0.0335 0.0265
0 0.103 0.3475 0.0265 0.0195
0 0.14 0.3505 0.028 0.025
0 0.1765 0.3485 0.0155 0.018
0 0.1315 0.539 0.1385 0.046
0 0.591 0.547 0.132 0.0405
0 0.28 0.5855 0.168 0.036
0 0.589 0.588 0.1265 0.0335
0 0.279 0.6265 0.1655 0.0405
0 0.2465 0.6665 0.101 0.035
0 0.5945 0.6665 0.1205 0.046
0 0.579 0.6305 0.0735 0.035
0 0.2585 0.7045 0.13 0.0375
0 0.5955 0.7125 0.1335 0.035
0 0.249 0.7495 0.1055 0.039
0 0.5715 0.749 0.0835 0.0485
0 0.414 0.785 0.088 0.046
0 0.3845 0.8655 0.033 0.0405
0 0.128 0.66 0.133 0.0405
0 0.3415 0.3185 0.0315 0.014
0 0.3195 0.318 0.006 0.0145
0 0.3765 0.3235 0.0085 0.014
0 0.401 0.322 0.0295 0.016
0 0.4395 0.323 0.034 0.0165
0 0.4025 0.3425 0.064 0.018
0 0.468 0.346 0.0505 0.018
0 0.3765 0.361 0.0115 0.014
0 0.4015 0.3625 0.033 0.016
0 0.4385 0.364 0.0295 0.018
0 0.471 0.3655 0.0295 0.015
0 0.2215 0.3345 0.013 0.0165
0 0.2475 0.3365 0.034 0.023
0 0.2945 0.3385 0.052 0.017
0 0.3385 0.338 0.029 0.016
0 0.222 0.3555 0.007 0.0115
0 0.251 0.358 0.0465 0.014
0 0.293 0.357 0.0315 0.0145
0 0.315 0.358 0.007 0.0125
0 0.3395 0.359 0.036 0.0145
0 0.5935 0.3185 0.066 0.019
0 0.5485 0.3355 0.0195 0.017
0 0.5645 0.339 0.0075 0.015
0 0.585 0.3385 0.0265 0.0135
0 0.6245 0.338 0.049 0.0195
0 0.5475 0.3565 0.012 0.0195
0 0.581 0.357 0.044 0.017
0 0.6255 0.3585 0.038 0.015
0 0.612 0.3775 0.031 0.012
0 0.5765 0.377 0.037 0.015
0 0.2665 0.5365 0.116 0.041
0 0.346 0.5395 0.0235 0.037
0 0.437 0.5475 0.1275 0.037
0 0.4135 0.587 0.0795 0.0305
0 0.3225 0.6665 0.037 0.0315
0 0.4425 0.669 0.1535 0.038
0 0.4215 0.709 0.0955 0.0315
0 0.321 0.741 0.0285 0.033
0 0.422 0.7465 0.1035 0.036
0 0.446 0.8695 0.079 0.038
0 0.5725 0.869 0.139 0.0385