0 0.433 0.278 0.061 0.036
0 0.6025 0.2845 0.121 0.032
0 0.317 0.336 0.043 0.0235
0 0.6135 0.3335 0.0695 0.022
0 0.166 0.324 0.0415 0.0195
0 0.128 0.372 0.0265 0.029
0 0.1665 0.372 0.0265 0.0235
0 0.2015 0.371 0.014 0.0195
0 0.258 0.4365 0.0665 0.053
0 0.6105 0.4415 0.1275 0.0515
0 0.6 0.4875 0.0955 0.046
0 0.4845 0.483 0.1125 0.035
0 0.2665 0.5265 0.083 0.029
0 0.4445 0.5615 0.0845 0.0475
0 0.1525 0.602 0.1335 0.036
0 0.284 0.603 0.1195 0.0405
0 0.6175 0.6085 0.107 0.043
0 0.2475 0.644 0.0525 0.0335
0 0.6125 0.6505 0.1235 0.039
0 0.401 0.686 0.157 0.0375
0 0.1515 0.7215 0.133 0.05
0 0.293 0.7245 0.1375 0.0415
0 0.5995 0.726 0.104 0.039
0 0.259 0.762 0.0885 0.0475
0 0.5975 0.7675 0.108 0.0335
0 0.615 0.8045 0.108 0.0375
0 0.611 0.8435 0.128 0.0375
0 0.2695 0.8025 0.097 0.0335
0 0.3155 0.847 0.197 0.0335
0 0.267 0.8855 0.0975 0.039
0 0.272 0.9245 0.1015 0.0335
0 0.151 0.8045 0.131 0.043
0 0.3615 0.3395 0.04 0.0165
0 0.415 0.3405 0.0455 0.0165
0 0.461 0.34 0.0375 0.018
0 0.2645 0.36 0.0475 0.0165
0 0.319 0.3565 0.049 0.0155
0 0.364 0.3595 0.0295 0.0155
0 0.4225 0.361 0.0655 0.018
0 0.4885 0.365 0.053 0.018
0 0.274 0.3755 0.058 0.0165
0 0.319 0.3795 0.0295 0.0165
0 0.3635 0.3795 0.04 0.0195
0 0.416 0.3815 0.0525 0.021
0 0.492 0.384 0.0305 0.0195
0 0.46 0.383 0.031 0.0155
0 0.344 0.4375 0.0845 0.0485
0 0.448 0.444 0.1195 0.0485
0 0.2995 0.4855 0.154 0.036
0 0.402 0.4885 0.0385 0.0375
0 0.3365 0.563 0.093 0.036
0 0.266 0.564 0.0385 0.035
0 0.215 0.5595 0.0335 0.0375
0 0.366 0.605 0.0275 0.0445
0 0.461 0.6085 0.1375 0.0265
0 0.327 0.6465 0.0975 0.0335
0 0.4725 0.648 0.161 0.0445
0 0.2635 0.685 0.0845 0.0235
0 0.433 0.727 0.129 0.036
0 0.3485 0.7655 0.0705 0.0375
0 0.352 0.8085 0.0445 0.029
0 0.4095 0.78 0.039 0.036
0 0.5685 0.354 0.0225 0.0155
0 0.644 0.356 0.0475 0.014
0 0.6 0.353 0.036 0.014
0 0.594 0.374 0.0625 0.014
0 0.6475 0.3745 0.0385 0.0155
0 0.633 0.394 0.0345 0.018
0 0.596 0.394 0.0345 0.0155
0 0.3455 0.279 0.0665 0.035
0 0.3935 0.28 0.0115 0.029