0 0.428 0.064 0.1195 0.0385
0 0.586 0.0625 0.097 0.0385
0 0.854 0.063 0.094 0.04
0 0.8895 0.1185 0.156 0.0225
0 0.89 0.1415 0.1225 0.018
0 0.888 0.1675 0.157 0.0225
0 0.8895 0.1905 0.0845 0.018
0 0.462 0.128 0.058 0.027
0 0.727 0.131 0.058 0.024
0 0.4495 0.154 0.0865 0.0255
0 0.5405 0.1575 0.059 0.027
0 0.4615 0.1795 0.0585 0.0285
0 0.591 0.181 0.0545 0.0195
0 0.1385 0.1175 0.06 0.024
0 0.308 0.2665 0.196 0.0445
0 0.546 0.2715 0.247 0.052
0 0.7495 0.2745 0.1155 0.037
0 0.297 0.32 0.1775 0.0505
0 0.593 0.32 0.3755 0.0415
0 0.3675 0.369 0.257 0.0415
0 0.329 0.4165 0.2235 0.0535
0 0.329 0.463 0.246 0.0445
0 0.347 0.5095 0.2795 0.046
0 0.0345 0.414 0.044 0.0415
0 0.032 0.465 0.0375 0.043
0 0.0335 0.7955 0.046 0.046
0 0.4995 0.7975 0.5765 0.0505
0 0.4395 0.845 0.458 0.0505
0 0.868 0.794 0.1355 0.0315
0 0.8675 0.8495 0.151 0.0445
0 0.893 0.8945 0.198 0.0445
0 0.893 0.9375 0.196 0.0445
0 0.748 0.4175 0.0815 0.049
0 0.7515 0.466 0.0645 0.0385
0 0.881 0.3965 0.162 0.0165
0 0.8925 0.427 0.1845 0.027
0 0.8915 0.4615 0.189 0.0385
0 0.5225 0.065 0.02 0.032
0 0.417 0.1275 0.0215 0.018
0 0.3725 0.1285 0.058 0.0195
0 0.3335 0.1265 0.0105 0.018
0 0.287 0.1275 0.072 0.024
0 0.6645 0.1335 0.0615 0.03
0 0.6205 0.1315 0.023 0.0225
0 0.566 0.1335 0.0785 0.0245
0 0.5165 0.1315 0.011 0.0205
0 0.0475 0.157 0.0205 0.0855
0 0.088 0.1765 0.032 0.0265
0 0.132 0.179 0.0375 0.028
0 0.3955 0.154 0.011 0.0235
0 0.332 0.1555 0.0905 0.0255
0 0.2725 0.153 0.019 0.0245
0 0.251 0.153 0.0145 0.018
0 0.4155 0.177 0.025 0.024
0 0.5815 0.1585 0.017 0.019
0 0.6035 0.1585 0.0185 0.0185
0 0.6515 0.156 0.069 0.024
0 0.6215 0.181 0.009 0.023
0 0.5365 0.1835 0.051 0.0215
0 0.3865 0.1535 0.0065 0.028
0 0.182 0.174 0.0235 0.024
0 0.3495 0.7075 0.125 0.039
0 0.474 0.711 0.1205 0.0375
0 0.55 0.71 0.0255 0.03
0 0.617 0.714 0.1035 0.0305
0 0.618 0.6645 0.0875 0.0325
0 0.363 0.6635 0.1295 0.0395
0 0.3695 0.7505 0.1015 0.0385
0 0.3035 0.75 0.03 0.0315
0 0.626 0.754 0.077 0.0305
0 0.0835 0.797 0.0355 0.0405
0 0.127 0.7985 0.034 0.04
0 0.177 0.797 0.05 0.0385
0 0.0845 0.416 0.0395 0.0395
0 0.127 0.418 0.038 0.0405
0 0.178 0.4165 0.055 0.0425
0 0.127 0.4675 0.036 0.033
0 0.176 0.467 0.059 0.036
0 0.0775 0.4645 0.034 0.0345