0 0.8895 0.091 0.113 0.056
0 0.7005 0.2255 0.153 0.062
0 0.634 0.395 0.0825 0.044
0 0.5595 0.2505 0.0835 0.0265
0 0.5345 0.4105 0.0375 0.037
0 0.554 0.4635 0.073 0.034
0 0.7045 0.4505 0.1885 0.0485
0 0.537 0.5175 0.047 0.0355
0 0.7555 0.509 0.1035 0.0485
0 0.5705 0.574 0.1115 0.034
0 0.68 0.5585 0.102 0.0355
0 0.8675 0.6165 0.265 0.04
0 0.565 0.6265 0.0945 0.0355
0 0.5835 0.683 0.148 0.037
0 0.6975 0.67 0.0325 0.031
0 0.8125 0.678 0.104 0.0295
0 0.929 0.6795 0.054 0.0355
0 0.7515 0.0955 0.1405 0.056
0 0.85 0.1645 0.0965 0.0375
0 0.7815 0.1685 0.0235 0.032
0 0.739 0.1685 0.0485 0.0355
0 0.672 0.6305 0.114 0.029
0 0.604 0.518 0.08 0.033
0 0.8435 0.506 0.0615 0.0415
0 0.6825 0.509 0.0425 0.043