0 0.316 0.2605 0.1755 0.054
0 0.284 0.308 0.107 0.048
0 0.287 0.3555 0.131 0.0375
0 0.592 0.0525 0.0975 0.0405
0 0.824 0.114 0.024 0.0235
0 0.8575 0.1395 0.065 0.023
0 0.8525 0.161 0.082 0.028
0 0.8945 0.1845 0.0495 0.0225
0 0.295 0.118 0.0695 0.036
0 0.341 0.144 0.089 0.0265
0 0.6005 0.1735 0.0615 0.0355
0 0.149 0.1025 0.0585 0.0255
0 0.104 0.1595 0.034 0.0225
0 0.148 0.1585 0.036 0.033
0 0.192 0.1595 0.032 0.0165
0 0.059 0.257 0.03 0.048
0 0.0435 0.4455 0.034 0.0455
0 0.3035 0.4495 0.1455 0.0555
0 0.2955 0.496 0.13 0.0405
0 0.2705 0.54 0.0985 0.042
0 0.331 0.5925 0.219 0.0505
0 0.268 0.639 0.089 0.045
0 0.294 0.7315 0.1475 0.054
0 0.2915 0.7825 0.1405 0.036
0 0.2565 0.8305 0.074 0.05
0 0.281 0.876 0.1085 0.0435
0 0.8955 0.452 0.198 0.048
0 0.8965 0.505 0.1915 0.0495
0 0.8545 0.2665 0.12 0.051
0 0.8405 0.3095 0.09 0.045
0 0.9495 0.3615 0.073 0.0395
0 0.446 0.258 0.0535 0.0465
0 0.589 0.261 0.1345 0.0405
0 0.706 0.258 0.0595 0.0465
0 0.4545 0.3095 0.1015 0.045
0 0.648 0.3125 0.2585 0.039
0 0.4455 0.3635 0.097 0.061
0 0.5445 0.366 0.045 0.0375
0 0.4415 0.4495 0.118 0.0465
0 0.633 0.4535 0.214 0.039
0 0.493 0.5005 0.1725 0.0375
0 0.466 0.542 0.099 0.0465
0 0.4375 0.733 0.115 0.048
0 0.5335 0.7375 0.048 0.051
0 0.495 0.7815 0.2175 0.0405
0 0.6875 0.787 0.1405 0.036
0 0.421 0.8325 0.13 0.0585
0 0.694 0.8395 0.1305 0.039
0 0.3825 0.1195 0.0575 0.024
0 0.468 0.119 0.0475 0.0255
0 0.576 0.125 0.084 0.019
0 0.671 0.125 0.054 0.0225
0 0.733 0.125 0.0595 0.0255
0 0.461 0.146 0.0955 0.0285
0 0.548 0.1445 0.0565 0.0165
0 0.655 0.146 0.0655 0.026
0 0.4665 0.1675 0.0535 0.036
0 0.435 0.0525 0.114 0.036
0 0.5255 0.0535 0.025 0.0355
0 0.578 0.837 0.0985 0.0425
0 0.911 0.1615 0.0265 0.019
0 0.9485 0.159 0.0375 0.0205
0 0.859 0.186 0.013 0.022
0 0.9205 0.138 0.0535 0.019
0 0.8835 0.1135 0.0785 0.0195
0 0.947 0.1145 0.0345 0.022
0 0.0635 0.141 0.023 0.095
0 0.0955 0.256 0.0205 0.036
0 0.1165 0.2565 0.018 0.038
0 0.1355 0.255 0.0155 0.0375
0 0.154 0.255 0.014 0.041
0 0.1935 0.257 0.0545 0.044
0 0.15 0.212 0.016 0.0245
0 0.062 0.21 0.0115 0.018
0 0.0905 0.445 0.0225 0.0455
0 0.112 0.4475 0.017 0.044
0 0.136 0.443 0.021 0.0415
0 0.154 0.4455 0.014 0.0405
0 0.1935 0.447 0.049 0.0405
0 0.343 0.118 0.01 0.019
0 0.4245 0.166 0.021 0.02
0 0.4035 0.1445 0.01 0.0205
0 0.4255 0.119 0.022 0.019
0 0.261 0.142 0.0125 0.0235
0 0.2835 0.141 0.0185 0.0215
0 0.5415 0.1715 0.05 0.0255
0 0.5245 0.1225 0.0115 0.0165
0 0.6265 0.123 0.022 0.0205
0 0.5875 0.146 0.016 0.0205
0 0.6085 0.1475 0.0195 0.0195
0 0.372 0.3085 0.052 0.039
0 0.378 0.353 0.0325 0.0485
0 0.893 0.361 0.0325 0.044
0 0.862 0.3595 0.0195 0.037
0 0.82 0.363 0.0465 0.0425
0 0.3845 0.503 0.031 0.043
0 0.3925 0.5465 0.0435 0.0395
0 0.347 0.544 0.0345 0.0435
0 0.4715 0.5965 0.048 0.0405
0 0.319 0.826 0.0355 0.044