0 0.2885 0.3335 0.119 0.0665
0 0.2725 0.422 0.1075 0.053
0 0.31 0.4755 0.18 0.0595
0 0.1145 0.32 0.2125 0.054
0 0.109 0.3755 0.203 0.0375
0 0.1085 0.4165 0.2105 0.0335
0 0.296 0.1915 0.0875 0.039
0 0.5125 0.147 0.271 0.053
0 0.8855 0.225 0.179 0.086
0 0.8705 0.33 0.1325 0.0405
0 0.888 0.373 0.1635 0.046
0 0.8655 0.4585 0.1085 0.047
0 0.1425 0.1785 0.056 0.032
0 0.0885 0.2305 0.0415 0.025
0 0.1395 0.2305 0.0395 0.0305
0 0.188 0.229 0.0365 0.0305
0 0.048 0.2125 0.0105 0.0835
0 0.381 0.202 0.073 0.032
0 0.4605 0.2145 0.073 0.029
0 0.326 0.2245 0.1335 0.0235
0 0.462 0.259 0.076 0.0235
0 0.5615 0.219 0.094 0.0155
0 0.655 0.2105 0.0835 0.021
0 0.729 0.212 0.052 0.029
0 0.6375 0.236 0.0855 0.014
0 0.5505 0.2415 0.076 0.0195
0 0.542 0.263 0.045 0.0235
0 0.5975 0.2605 0.0655 0.021
0 0.49 0.3465 0.253 0.054
0 0.663 0.337 0.0675 0.0625
0 0.4755 0.427 0.272 0.0345
0 0.7115 0.428 0.179 0.047
0 0.4845 0.4765 0.131 0.0445