0 0.5005 0.0855 0.298 0.04
0 0.426 0.308 0.225 0.0415
0 0.659 0.366 0.285 0.0565
0 0.3955 0.4075 0.204 0.0355
0 0.639 0.495 0.279 0.058
0 0.2805 0.5535 0.0915 0.0325
0 0.5395 0.593 0.077 0.0465
0 0.633 0.5425 0.2745 0.04
0 0.898 0.495 0.1695 0.055
0 0.8995 0.5415 0.1915 0.0445
0 0.894 0.308 0.1695 0.0385
0 0.9055 0.351 0.1885 0.0445
0 0.13 0.311 0.1715 0.0535
0 0.137 0.502 0.1915 0.055
0 0.362 0.1755 0.2085 0.0385
0 0.371 0.2145 0.184 0.0415
0 0.6475 0.165 0.2305 0.027
0 0.633 0.2105 0.1885 0.04
0 0.887 0.1505 0.158 0.03
0 0.8865 0.197 0.1485 0.058
0 0.677 0.308 0.2495 0.0385
0 0.3685 0.364 0.2525 0.043
0 0.6385 0.41 0.223 0.0255
0 0.5135 0.46 0.137 0.0355