0 0.49 0.126 0.5095 0.062
0 0.4815 0.216 0.361 0.0415
0 0.126 0.228 0.1525 0.0355
0 0.0895 0.2985 0.0805 0.031
0 0.431 0.2885 0.2185 0.0475
0 0.13 0.3665 0.161 0.031
0 0.5405 0.354 0.392 0.0535
0 0.525 0.4205 0.1545 0.0415
0 0.1775 0.432 0.264 0.0325
0 0.166 0.498 0.225 0.04
0 0.59 0.569 0.4455 0.043
0 0.1465 0.5855 0.19 0.034
0 0.4125 0.652 0.5485 0.034
0 0.261 0.8305 0.394 0.0415
0 0.5495 0.8325 0.072 0.04
0 0.4835 0.8355 0.035 0.022
0 0.3195 0.7815 0.524 0.0205
0 0.3785 0.4995 0.1835 0.043
0 0.557 0.5035 0.1405 0.0295
0 0.7095 0.5035 0.132 0.018