0 0.362 0.3295 0.2595 0.052
0 0.303 0.3655 0.1635 0.044
0 0.389 0.1015 0.121 0.044
0 0.2985 0.1785 0.086 0.0395
0 0.551 0.181 0.0565 0.038
0 0.106 0.234 0.0325 0.0625
0 0.1535 0.225 0.0275 0.0595
0 0.2 0.2225 0.025 0.064
0 0.1345 0.556 0.167 0.0565
0 0.2925 0.5545 0.118 0.0505
0 0.3645 0.605 0.2685 0.0535
0 0.3175 0.643 0.157 0.038
0 0.1325 0.6935 0.1865 0.041
0 0.2985 0.691 0.134 0.046
0 0.321 0.7375 0.171 0.041
0 0.8855 0.735 0.131 0.0425
0 0.4515 0.7735 0.142 0.0395
0 0.137 0.8235 0.1735 0.046
0 0.481 0.822 0.183 0.0425
0 0.467 0.871 0.142 0.0365
0 0.8855 0.848 0.1525 0.0855
0 0.8785 0.202 0.1475 0.087
0 0.6595 0.324 0.3175 0.044
0 0.4385 0.3705 0.107 0.0365
0 0.5915 0.3745 0.1645 0.035
0 0.482 0.552 0.24 0.0335
0 0.6685 0.552 0.109 0.0395
0 0.762 0.55 0.06 0.035
0 0.6385 0.608 0.252 0.035
0 0.4945 0.6885 0.241 0.026
0 0.7255 0.6935 0.194 0.032
0 0.904 0.6915 0.1265 0.038
0 0.5025 0.7335 0.1625 0.0275
0 0.691 0.7365 0.178 0.0275
0 0.684 0.822 0.205 0.0425
0 0.6035 0.8755 0.1015 0.0395
0 0.3915 0.1815 0.1005 0.0365
0 0.395 0.231 0.12 0.029
0 0.2995 0.2255 0.0665 0.0305
0 0.154 0.162 0.064 0.025
0 0.062 0.2115 0.033 0.1075