0 0.4875 0.0735 0.3215 0.028
0 0.355 0.1905 0.1985 0.08
0 0.6405 0.1745 0.219 0.08
0 0.3565 0.314 0.245 0.033
0 0.6345 0.304 0.261 0.0375
0 0.365 0.361 0.2515 0.0425
0 0.5835 0.357 0.149 0.0345
0 0.882 0.314 0.178 0.0925
0 0.875 0.5555 0.1555 0.174
0 0.5105 0.496 0.5395 0.058
0 0.471 0.5505 0.4735 0.0485
0 0.5175 0.593 0.545 0.0675
0 0.389 0.635 0.29 0.055
0 0.139 0.512 0.179 0.0405
0 0.183 0.5515 0.098 0.0405
0 0.1405 0.599 0.1815 0.0425
0 0.137 0.7415 0.179 0.055
0 0.35 0.736 0.2235 0.05
0 0.368 0.78 0.259 0.0565
0 0.652 0.7245 0.288 0.0425
0 0.6005 0.7715 0.1695 0.0515
0 0.878 0.712 0.148 0.036
0 0.887 0.7575 0.177 0.0515
0 0.137 0.828 0.1705 0.0425
0 0.5115 0.8155 0.5505 0.061
0 0.462 0.903 0.4275 0.0985
0 0.863 0.803 0.1145 0.0515
0 0.89 0.849 0.175 0.05
0 0.8695 0.163 0.153 0.097