0 0.5525 0.3425 0.128 0.0395
0 0.2955 0.3885 0.143 0.0395
0 0.6335 0.441 0.2755 0.043
0 0.514 0.484 0.141 0.0335
0 0.6585 0.5285 0.1495 0.046
0 0.5525 0.5735 0.2395 0.0415
0 0.6335 0.622 0.26 0.043
0 0.343 0.6755 0.234 0.0285
0 0.342 0.7255 0.2405 0.0365
0 0.123 0.6125 0.189 0.0495
0 0.123 0.523 0.191 0.057
0 0.1235 0.384 0.186 0.0525
0 0.12 0.2895 0.177 0.057
0 0.562 0.1485 0.0645 0.046
0 0.806 0.1305 0.0275 0.032
0 0.8575 0.294 0.144 0.0415
0 0.8525 0.345 0.1465 0.0445
0 0.8535 0.4315 0.1355 0.046
0 0.8505 0.4815 0.141 0.0475
0 0.8545 0.531 0.142 0.0445
0 0.8565 0.5785 0.1375 0.0445
0 0.8375 0.6685 0.1015 0.0555
0 0.847 0.721 0.118 0.0395
0 0.391 0.3465 0.142 0.032
0 0.263 0.3455 0.0755 0.024
0 0.4355 0.3965 0.1125 0.027
0 0.554 0.4035 0.1135 0.0285
0 0.692 0.3925 0.156 0.032
0 0.341 0.4425 0.234 0.043
0 0.3635 0.491 0.1255 0.019
0 0.257 0.492 0.0435 0.024
0 0.5365 0.538 0.072 0.027
0 0.436 0.535 0.1135 0.0205
0 0.3 0.5315 0.1495 0.0335
0 0.318 0.5775 0.19 0.027
0 0.3595 0.622 0.2755 0.03
0 0.6125 0.681 0.2895 0.0395
0 0.6545 0.1485 0.118 0.0335
0 0.7305 0.1445 0.0315 0.0255
0 0.6275 0.194 0.1935 0.0225
0 0.8595 0.1345 0.071 0.024
0 0.9145 0.136 0.033 0.0205
0 0.893 0.155 0.0515 0.0205
0 0.838 0.1565 0.0545 0.0145
0 0.836 0.181 0.0655 0.016
0 0.907 0.1795 0.07 0.0255
0 0.86 0.1995 0.0635 0.0205
0 0.2785 0.2915 0.116 0.046
0 0.419 0.298 0.152 0.027
0 0.548 0.301 0.0865 0.0205
0 0.6945 0.303 0.1845 0.024
0 0.3875 0.063 0.1125 0.0395
0 0.5375 0.063 0.0285 0.027
0 0.6 0.057 0.072 0.032
0 0.596 0.8115 0.1455 0.065