0 0.498 0.0695 0.3255 0.0535
0 0.305 0.152 0.082 0.052
0 0.57 0.155 0.068 0.0455
0 0.8825 0.1765 0.158 0.104
0 0.131 0.2945 0.1745 0.0565
0 0.3115 0.3 0.162 0.052
0 0.284 0.354 0.105 0.047
0 0.8825 0.3 0.169 0.049
0 0.881 0.3455 0.162 0.052
0 0.883 0.4385 0.1765 0.0455
0 0.88 0.488 0.1665 0.0505
0 0.268 0.3975 0.067 0.0425
0 0.3525 0.4445 0.2355 0.049
0 0.2915 0.492 0.1205 0.0425
0 0.3015 0.5345 0.136 0.0455
0 0.361 0.7745 0.251 0.044
0 0.366 0.825 0.2675 0.0505
0 0.333 0.8665 0.2125 0.0395
0 0.323 0.9045 0.1785 0.036
0 0.8555 0.8635 0.104 0.0455
0 0.47 0.931 0.4715 0.0175
0 0.4485 0.9565 0.412 0.027
0 0.1295 0.9235 0.1905 0.058
0 0.138 0.7685 0.1905 0.047
0 0.8835 0.946 0.127 0.0975
0 0.502 0.307 0.1995 0.047
0 0.7035 0.307 0.1755 0.038
0 0.5095 0.3565 0.307 0.0425
0 0.7265 0.356 0.105 0.0505
0 0.536 0.4425 0.09 0.047
0 0.6635 0.443 0.1305 0.0455
0 0.7665 0.4505 0.047 0.025
0 0.5405 0.492 0.342 0.027
0 0.7465 0.4975 0.0505 0.025
0 0.4445 0.5425 0.1175 0.0425
0 0.5695 0.5425 0.1195 0.0425
0 0.6395 0.7775 0.284 0.0345
0 0.6325 0.833 0.2345 0.041
0 0.573 0.8675 0.239 0.0285
0 0.614 0.9075 0.379 0.0175
0 0.407 0.155 0.1065 0.0425
0 0.364 0.2015 0.1775 0.038
0 0.6845 0.16 0.1525 0.0395
0 0.641 0.2025 0.184 0.0395