0 0.216 0.0705 0.1135 0.0405
0 0.155 0.129 0.0565 0.033
0 0.397 0.168 0.118 0.0265
0 0.854 0.139 0.109 0.028
0 0.292 0.292 0.119 0.05
0 0.288 0.335 0.109 0.0455
0 0.3655 0.3905 0.2575 0.056
0 0.7015 0.442 0.1765 0.047
0 0.356 0.4815 0.25 0.0485
0 0.36 0.53 0.2485 0.0515
0 0.317 0.578 0.1605 0.047
0 0.363 0.6255 0.2485 0.0515
0 0.4125 0.672 0.3645 0.064
0 0.367 0.7175 0.2585 0.061
0 0.354 0.765 0.2325 0.05
0 0.3125 0.8145 0.1405 0.0545
0 0.1315 0.2935 0.1845 0.047
0 0.1285 0.3875 0.19 0.053
0 0.1245 0.4365 0.1965 0.0545
0 0.1235 0.478 0.203 0.0435
0 0.128 0.5715 0.202 0.047
0 0.1285 0.62 0.2005 0.047
0 0.1375 0.712 0.19 0.0435
0 0.874 0.296 0.1605 0.0515
0 0.8755 0.341 0.156 0.0455
0 0.8945 0.382 0.179 0.0515
0 0.8905 0.4355 0.1845 0.0435
0 0.878 0.481 0.159 0.0405
0 0.8665 0.523 0.1405 0.05
0 0.8835 0.576 0.181 0.0345
0 0.868 0.624 0.1355 0.036
0 0.86 0.6685 0.1125 0.0405
0 0.8415 0.7095 0.001 0.0015
0 0.874 0.7095 0.119 0.0485
0 0.8885 0.7595 0.171 0.039
0 0.882 0.797 0.0555 0.039
0 0.4285 0.2875 0.1265 0.053
0 0.565 0.2985 0.094 0.0345
0 0.702 0.3005 0.158 0.0485
0 0.6505 0.3875 0.2845 0.056
0 0.554 0.439 0.094 0.031
0 0.3555 0.4365 0.24 0.0295
0 0.6375 0.4815 0.265 0.0265
0 0.522 0.53 0.0425 0.0295
0 0.6035 0.535 0.0905 0.0235
0 0.7155 0.537 0.107 0.028
0 0.4715 0.58 0.1275 0.033
0 0.6585 0.5815 0.226 0.033
0 0.6475 0.6275 0.278 0.028
0 0.6585 0.726 0.2585 0.0405
0 0.621 0.765 0.278 0.025
0 0.4945 0.8095 0.191 0.0295
0 0.371 0.065 0.1745 0.042
0 0.642 0.0685 0.195 0.028
0 0.599 0.1835 0.1135 0.017
0 0.926 0.1415 0.0285 0.0205
0 0.8495 0.1595 0.0545 0.022
0 0.908 0.1625 0.0425 0.022
0 0.8485 0.1835 0.0655 0.0235
0 0.9145 0.1825 0.058 0.028
0 0.8705 0.2055 0.0565 0.0265