0 0.403 0.0595 0.1195 0.054
0 0.3065 0.1595 0.084 0.0465
0 0.578 0.3075 0.404 0.051
0 0.35 0.3535 0.2045 0.0635
0 0.412 0.4025 0.3225 0.0495
0 0.4175 0.6 0.188 0.0695
0 0.143 0.3575 0.187 0.0495
0 0.137 0.4535 0.1965 0.0555
0 0.896 0.3475 0.171 0.042
0 0.894 0.3965 0.15 0.0435
0 0.9095 0.446 0.181 0.0555
0 0.8975 0.5045 0.151 0.037
0 0.7025 0.5045 0.2455 0.071
0 0.871 0.14 0.106 0.0325
0 0.211 0.203 0.017 0.0805
0 0.164 0.203 0.0275 0.071
0 0.118 0.2035 0.024 0.0665
0 0.069 0.184 0.0285 0.1085
0 0.535 0.362 0.152 0.0555
0 0.7085 0.3555 0.191 0.0635
0 0.606 0.066 0.126 0.0325
0 0.4095 0.162 0.1135 0.0325
0 0.576 0.1625 0.081 0.025
0 0.6885 0.1565 0.125 0.025
0 0.7695 0.16 0.0315 0.042
0 0.706 0.196 0.0725 0.0355
0 0.606 0.1945 0.105 0.0265
0 0.4175 0.198 0.1145 0.0215
0 0.3175 0.203 0.087 0.031
0 0.9445 0.141 0.043 0.0215
0 0.9215 0.1625 0.0575 0.0155
0 0.862 0.162 0.0545 0.023
0 0.8595 0.182 0.0705 0.0295
0 0.9305 0.1865 0.0565 0.023
0 0.892 0.2115 0.0745 0.0325
0 0.667 0.4505 0.0465 0.0375
0 0.768 0.45 0.122 0.0365
0 0.544 0.4535 0.173 0.034
0 0.442 0.498 0.0305 0.0365
0 0.5175 0.499 0.095 0.0375