0 0.314 0.3795 0.1665 0.0435
0 0.345 0.4225 0.2325 0.056
0 0.3635 0.4745 0.26 0.0585
0 0.304 0.5865 0.143 0.0425
0 0.274 0.739 0.093 0.048
0 0.324 0.789 0.1735 0.049
0 0.8855 0.5385 0.2255 0.056
0 0.805 0.593 0.0695 0.053
0 0.884 0.645 0.218 0.045
0 0.8155 0.694 0.062 0.0425
0 0.851 0.2805 0.144 0.0425
0 0.8505 0.3295 0.1275 0.045
0 0.8165 0.379 0.0815 0.045
0 0.1385 0.119 0.049 0.03
0 0.076 0.179 0.04 0.022
0 0.1365 0.1815 0.039 0.019
0 0.2005 0.18 0.0225 0.019
0 0.1195 0.271 0.206 0.048
0 0.1185 0.5295 0.202 0.052
0 0.119 0.638 0.207 0.045
0 0.388 0.1335 0.0665 0.023
0 0.431 0.1335 0.0125 0.0205
0 0.4665 0.1355 0.0435 0.0185
0 0.4635 0.161 0.044 0.0205
0 0.464 0.186 0.0535 0.0165
0 0.2725 0.161 0.019 0.0185
0 0.315 0.1585 0.0505 0.0205
0 0.393 0.161 0.087 0.02
0 0.4265 0.1865 0.0105 0.0155
0 0.3905 0.187 0.0495 0.016
0 0.3215 0.1855 0.072 0.0185
0 0.273 0.1845 0.014 0.0145
0 0.516 0.137 0.018 0.0205
0 0.5585 0.1375 0.051 0.02
0 0.625 0.1345 0.063 0.02
0 0.564 0.1635 0.108 0.0185
0 0.6705 0.162 0.0825 0.022
0 0.517 0.188 0.017 0.015
0 0.561 0.189 0.053 0.0175
0 0.6215 0.189 0.046 0.0185
0 0.677 0.1895 0.0495 0.015
0 0.433 0.055 0.1065 0.0295
0 0.5665 0.058 0.1045 0.028
0 0.8815 0.123 0.1055 0.021
0 0.805 0.148 0.0345 0.0225
0 0.8335 0.1495 0.0105 0.015
0 0.868 0.151 0.0435 0.015
0 0.9355 0.1495 0.0765 0.019
0 0.8075 0.1775 0.0175 0.016
0 0.8605 0.1765 0.079 0.0205
0 0.936 0.1765 0.064 0.0185
0 0.8555 0.2015 0.058 0.02
0 0.9165 0.2015 0.052 0.019
0 0.2945 0.272 0.1155 0.0365
0 0.3795 0.275 0.0385 0.0315
0 0.488 0.278 0.1635 0.0365
0 0.638 0.285 0.116 0.022
0 0.732 0.2805 0.0745 0.03
0 0.3335 0.326 0.185 0.04
0 0.4645 0.3335 0.0515 0.0355
0 0.3035 0.5355 0.1335 0.0375
0 0.4015 0.536 0.049 0.0345
0 0.4645 0.5365 0.055 0.035
0 0.54 0.5425 0.0675 0.029
0 0.6655 0.5415 0.1535 0.022
0 0.2795 0.639 0.101 0.045
0 0.3545 0.644 0.037 0.037
0 0.43 0.646 0.099 0.0275
0 0.521 0.647 0.0195 0.0375
0 0.2925 0.6965 0.1095 0.0375
0 0.3985 0.6995 0.0785 0.0345
0 0.4495 0.701 0.018 0.033