0 0.815 0.0895 0.275 0.064
0 0.7335 0.229 0.2165 0.084
0 0.561 0.249 0.0845 0.0415
0 0.702 0.395 0.144 0.0695
0 0.54 0.405 0.042 0.0465
0 0.7525 0.454 0.234 0.0615
0 0.6045 0.5235 0.075 0.034
0 0.556 0.47 0.0815 0.0265
0 0.704 0.5125 0.0415 0.048
0 0.571 0.5815 0.1035 0.044
0 0.904 0.5735 0.1765 0.0435
0 0.794 0.627 0.108 0.0285
0 0.5605 0.6345 0.087 0.0285
0 0.5395 0.6915 0.0425 0.032
0 0.702 0.6815 0.0505 0.044
0 0.8025 0.674 0.0495 0.04
0 0.9115 0.6905 0.0255 0.024
0 0.9445 0.6865 0.035 0.0585
0 0.711 0.76 0.072 0.0315
0 0.8395 0.901 0.1825 0.056
0 0.896 0.8525 0.0505 0.0195
0 0.865 0.164 0.1055 0.0505
0 0.772 0.1595 0.0715 0.0465
0 0.8085 0.511 0.136 0.039
0 0.9215 0.509 0.0695 0.0395
0 0.538 0.5245 0.041 0.0345
0 0.674 0.6345 0.1185 0.029
0 0.61 0.6925 0.091 0.024
0 0.734 0.572 0.1095 0.033
0 0.773 0.5445 0.0345 0.017
0 0.8165 0.545 0.033 0.016
0 0.8535 0.545 0.0195 0.0175
0 0.7705 0.601 0.044 0.018
0 0.829 0.6005 0.052 0.0155
0 0.887 0.6015 0.0425 0.0175
0 0.9325 0.6265 0.1175 0.0265
0 0.5505 0.756 0.0685 0.0325
0 0.6305 0.758 0.082 0.0275
0 0.8405 0.851 0.055 0.0155
0 0.7895 0.8515 0.041 0.019
0 0.7575 0.8515 0.0145 0.0155
0 0.7685 0.8255 0.0485 0.023
0 0.812 0.8295 0.0295 0.02
0 0.8785 0.8295 0.084 0.0235
0 0.832 0.9365 0.064 0.018