0 0.3525 0.395 0.2685 0.047
0 0.12 0.5775 0.1965 0.0455
0 0.1195 0.4915 0.1955 0.05
0 0.1185 0.2615 0.2015 0.0585
0 0.889 0.4845 0.1535 0.05
0 0.8745 0.5355 0.1035 0.041
0 0.904 0.5785 0.1915 0.041
0 0.8985 0.6265 0.191 0.047
0 0.9045 0.254 0.1905 0.041
0 0.903 0.3015 0.162 0.0455
0 0.149 0.1055 0.0595 0.0325
0 0.099 0.16 0.0335 0.0235
0 0.1415 0.16 0.0325 0.0265
0 0.1885 0.1605 0.0305 0.022
0 0.061 0.1415 0.02 0.0925
0 0.866 0.0535 0.1035 0.0455
0 0.2965 0.1155 0.073 0.0225
0 0.3425 0.1175 0.01 0.017
0 0.3815 0.1155 0.0575 0.016
0 0.4255 0.1155 0.021 0.017
0 0.467 0.117 0.0485 0.0165
0 0.2615 0.141 0.015 0.0135
0 0.2815 0.141 0.0185 0.0135
0 0.341 0.139 0.09 0.016
0 0.4035 0.1395 0.01 0.0125
0 0.457 0.141 0.081 0.019
0 0.426 0.1645 0.0185 0.016
0 0.4685 0.1625 0.051 0.017
0 0.525 0.1145 0.011 0.016
0 0.574 0.116 0.0795 0.021
0 0.63 0.116 0.023 0.022
0 0.673 0.115 0.056 0.02
0 0.7335 0.1165 0.053 0.0225
0 0.5505 0.138 0.056 0.0205
0 0.5905 0.139 0.014 0.0185
0 0.6115 0.1385 0.016 0.0185
0 0.6575 0.1395 0.0625 0.019
0 0.5435 0.162 0.0455 0.0175
0 0.5995 0.162 0.056 0.017
0 0.4395 0.054 0.1235 0.033
0 0.5285 0.051 0.015 0.03
0 0.591 0.0515 0.0945 0.032
0 0.827 0.1025 0.025 0.024
0 0.8845 0.1035 0.0785 0.019
0 0.946 0.106 0.032 0.0195
0 0.86 0.13 0.0605 0.0185
0 0.9215 0.1295 0.055 0.0185
0 0.8545 0.151 0.0695 0.0205
0 0.913 0.1525 0.0225 0.017
0 0.948 0.152 0.0355 0.0175
0 0.8595 0.175 0.015 0.016
0 0.8935 0.1745 0.0435 0.0165
0 0.296 0.2555 0.1495 0.0455
0 0.4075 0.2585 0.043 0.032
0 0.4755 0.259 0.069 0.0295
0 0.5875 0.259 0.123 0.0345
0 0.7325 0.2605 0.1465 0.0325
0 0.61 0.3035 0.155 0.041
0 0.7465 0.3055 0.096 0.0385
0 0.3775 0.3085 0.2375 0.032
0 0.2385 0.309 0.0385 0.027
0 0.2525 0.351 0.061 0.036
0 0.338 0.35 0.0855 0.033
0 0.2855 0.492 0.1155 0.0355
0 0.377 0.494 0.0355 0.023
0 0.469 0.493 0.122 0.03
0 0.651 0.492 0.193 0.033
0 0.251 0.5325 0.032 0.039
0 0.3255 0.537 0.0835 0.033
0 0.4735 0.539 0.14 0.032
0 0.301 0.586 0.154 0.0325
0 0.414 0.585 0.0455 0.026
0 0.541 0.584 0.183 0.0265
0 0.708 0.5855 0.1285 0.0305
0 0.2645 0.6315 0.076 0.03
0 0.4265 0.6285 0.222 0.0275