0 0.657 0.0905 0.1425 0.0565
0 0.798 0.0925 0.119 0.0605
0 0.5445 0.1725 0.087 0.0415
0 0.689 0.166 0.1475 0.051
0 0.5225 0.234 0.045 0.043
0 0.677 0.2315 0.1505 0.047
0 0.5485 0.3 0.085 0.037
0 0.7065 0.2965 0.1965 0.055
0 0.525 0.366 0.04 0.0375
0 0.701 0.357 0.0235 0.0395
0 0.564 0.431 0.1315 0.037
0 0.5585 0.516 0.1075 0.044
0 0.5725 0.464 0.1055 0.026
0 0.79 0.5145 0.3205 0.0525
0 0.575 0.5825 0.066 0.029
0 0.523 0.7235 0.0385 0.018
0 0.5325 0.767 0.042 0.036
0 0.651 0.7705 0.12 0.054
0 0.7425 0.767 0.0205 0.0305
0 0.723 0.774 0.0145 0.0275
0 0.5975 0.3645 0.093 0.028
0 0.721 0.3575 0.0165 0.0425
0 0.738 0.354 0.014 0.036
0 0.7545 0.3505 0.0165 0.033
0 0.69 0.429 0.092 0.026
0 0.7855 0.4305 0.074 0.0275
0 0.8735 0.431 0.072 0.022
0 0.648 0.5835 0.069 0.023
0 0.7225 0.5815 0.065 0.027
0 0.792 0.583 0.0625 0.0185
0 0.584 0.725 0.0765 0.0205
0 0.663 0.7245 0.0685 0.025
0 0.7295 0.723 0.057 0.0215