0 0.342 0.2365 0.0705 0.0475
0 0.3115 0.292 0.0475 0.0335
0 0.608 0.2985 0.0655 0.0235
0 0.1645 0.276 0.0525 0.0235
0 0.1435 0.433 0.146 0.0485
0 0.506 0.4435 0.075 0.0585
0 0.5975 0.4545 0.0905 0.036
0 0.599 0.495 0.115 0.053
0 0.25 0.4895 0.069 0.0335
0 0.2355 0.524 0.043 0.0445
0 0.282 0.5685 0.144 0.039
0 0.243 0.606 0.056 0.039
0 0.602 0.573 0.1085 0.0415
0 0.6115 0.6155 0.129 0.035
0 0.289 0.6395 0.1545 0.039
0 0.3175 0.687 0.199 0.039
0 0.1445 0.5585 0.136 0.046
0 0.142 0.6735 0.1365 0.043
0 0.2845 0.7225 0.15 0.0405
0 0.5975 0.6965 0.108 0.0475
0 0.242 0.878 0.244 0.046
0 0.309 0.402 0.124 0.0335
0 0.452 0.413 0.1385 0.028
0 0.3975 0.449 0.118 0.0305
0 0.2775 0.442 0.115 0.0335
0 0.3335 0.4845 0.0845 0.032
0 0.458 0.493 0.1405 0.032
0 0.3175 0.5265 0.1055 0.0235
0 0.407 0.53 0.056 0.025
0 0.435 0.565 0.0845 0.035
0 0.5135 0.568 0.056 0.0375
0 0.326 0.603 0.0865 0.0375
0 0.4295 0.6125 0.1 0.035
0 0.51 0.611 0.0345 0.032
0 0.4175 0.239 0.0635 0.0305
0 0.3605 0.2985 0.0335 0.0155
0 0.3905 0.2985 0.0155 0.021
0 0.4155 0.299 0.036 0.025
0 0.456 0.301 0.0375 0.0235
0 0.241 0.3115 0.0135 0.0195
0 0.267 0.313 0.0335 0.022
0 0.312 0.3135 0.0525 0.0235
0 0.356 0.3175 0.0335 0.021
0 0.417 0.319 0.068 0.018
0 0.481 0.3255 0.0515 0.022
0 0.2625 0.3325 0.058 0.022
0 0.311 0.336 0.033 0.018
0 0.355 0.3385 0.032 0.018
0 0.3895 0.3385 0.0165 0.0125
0 0.4155 0.34 0.031 0.018
0 0.451 0.3415 0.032 0.021
0 0.4865 0.346 0.032 0.022
0 0.5605 0.3165 0.024 0.0265
0 0.599 0.3205 0.0295 0.0235
0 0.641 0.322 0.0555 0.018
0 0.64 0.3415 0.0375 0.0235
0 0.5655 0.3385 0.0125 0.021
0 0.5955 0.3415 0.042 0.018
0 0.592 0.3585 0.0365 0.0165
0 0.629 0.36 0.0345 0.0165